00100000000010000000000000000000
00100000000010010000000000000000
00100000000011010000000000000000
00100000000010100000000000000000
00000000101000000111000000100000
10001101110011000000000000000000
00010001100000000000000000000011
00100001010010100000000000000001
00100001110011100000000000000100
00001000000100000000000000000101
00000001010000000010000000100000
00100000000010100000000000000000
00000000111000000111000000100000
10001101110011000000000000000000
00010001100000000000000000000011
00100001010010100000000000000001
00100001110011100000000000000100
00001000000100000000000000001101
00000001010000000011000000100000
00100010000100001111111111011100
00000000000010001000000000100001
00000000000010011000100000100001
00000000000010111001000000100001
00000000000011011001100000100001
00000000000001001010000000100001
00000000000001011010100000100001
00000000000001101011000000100001
00000000000001111011100000100001
00000000000111111100000000100001
00000001011000000010000000100000
00000000110000000010100000100000
00000000111000000011000000100000
00001100000100000000000001001100
00000000000100000100000000100001
00000000000100010100100000100001
00000000000100100101100000100001
00000000000100110110100000100001
00000000000101000010000000100001
00000000000101010010100000100001
00000000000101100011000000100001
00000000000101110011100000100001
00000000000110001111100000100001
00000001000001000000100000101010
00010000001000000000000000011110
00000000000010010101000010000000
00000001010001110101000000100000
10001101010010100000000000000000
00000000000010000111000010000000
00000001110001010111000000100000
10001101110011100000000000000000
00000001010011100101000000100010
00010101010000000000000000001101
00000001001001100101000000100010
00100001010010100000000000000001
00010101010000000000000000000111
00100001101011010000000000000001
00100000110011101111111111111111
00000000000011100111000010000000
00000001110010110111000000100000
10001101110010010000000000000000
00100001000010000000000000000001
00001000000100000000000001000000
00100001000010000000000000000001
00100001001010010000000000000001
00001000000100000000000001001001
00000000000010010000100000101010
00010000001000000000000000000101
00100001001011101111111111111111
00000000000011100111000010000000
00000001110010110111000000100000
10001101110010010000000000000000
00001000000100000000000001001001
00100001000010000000000000000001
00001000000100000000000000101010
00000001101000000001000000100000
00001000000100000000000001110010
00100000000010000000000000000001
00100000000010010000000000000000
00010000101000000000000000100001
00100000000011010000000000000000
10101100100011010000000000000000
00000001000001010110100000101010
00010001101000000000000000011011
00000000000010000101100010000000
00000001011001100101100000100000
10001101011010110000000000000000
00000000000010010110000010000000
00000001100001100110000000100000
10001101100011000000000000000000
00000001011011000101100000100010
00010101011000000000000000000111
00000000000010000101100010000000
00000001011001000101100000100000
00100001001011000000000000000001
10101101011011000000000000000000
00100001000010000000000000000001
00100001001010010000000000000001
00001000000100000000000001101101
00000000000010010000100000101010
00010000001000000000000000000101
00100001001011001111111111111111
00000000000011000110000010000000
00000001100001000110000000100000
10001101100010010000000000000000
00001000000100000000000001101101
00000000000010000101100010000000
00000001011001000101100000100000
10101101011000000000000000000000
00100001000010000000000000000001
00001000000100000000000001010001
00100000000000100000000000000000
00000011111000000000000000001000
00100000000000100000000000000001
00000011111000000000000000001000
00001000000100000000000001110010
